venstre
udland201005merkelma : 0.0026918037129
udland200810politike : 0.00141172459847
udland200907stalinsa : 0.00130119811745
udland200807mellemza : 0.00122286512041
