venstre
udland200801vordfoer : 0.0438549436741
udland201602kvindern : 0.00255772607273
