venstre
udland200801vordfoer : 0.0502316201627
udland200806skrotter : 0.0469355820943
udland200807vnaermer : 0.0365694412636
telegram201011vforho : 0.02997538253
udland200809vsbrugee : 0.0242309712438
udland200808petunder : 0.0171287900172
udland200805offerkar : 0.0150525730454
udland200801gateskri : 0.014328891649
udland200808dfindfly : 0.0126288536567
udland200901sundheds : 0.0124703324811
udland200906venstret : 0.0123361318832
udland200904oppositi : 0.00866398099705
udland200909uhyggeli : 0.00814319525406
udland201506ttipkaos : 0.00760308536476
udland200901nyfrontu : 0.00758373909157
udland200909gaarnorg : 0.00709621300711
udland200907forsvare : 0.00666758269125
udland201301soldater : 0.00628778367719
udland201107vaeretbe : 0.00587851965086
udland201110eldfkrae : 0.0053798004747
udland200909britiskm : 0.00532850321154
udland201104venstrel : 0.00506298323271
telegram201210atomch : 0.00465688978592
udland200806latinskt : 0.00434884649268
udland201412vinteren : 0.00428835893955
udland201203eksminis : 0.00417034906201
udland201001partiled : 0.00413945758748
udland201009rohdeloe : 0.00397387928398
udland201102gaddafis : 0.003937132712
udland201507graeskaf : 0.00389087397257
udlandleder201505med : 0.00384073384405
udland201411norgelav : 0.00376314326135
udland201003dielinke : 0.00375839780957
udland201005merkelma : 0.00365694412636
udland200811taaltoph : 0.00353967869713
udland201306lukninge : 0.00353547979002
udland200809liberale : 0.00340229390752
udland201001oekseang : 0.00319101655566
udland201201danmarka : 0.00306836938537
udland200807tyskesoc : 0.00301660876821
udland200901obamaluk : 0.00301051460908
udland201602kvindern : 0.00292962922312
udland201501haettekl : 0.00289360142038
udland200804dagligka : 0.00284390215934
udland201505selvrans : 0.00273934693289
udland201411valgkamp : 0.00268022433722
udland201111oppositi : 0.00263753049822
udland201105fejlskoe : 0.00261898898329
udland201402klartfje : 0.00261439426578
udland201208fortsatd : 0.00260981564184
udland200807traktatp : 0.00257375601294
udland201405specials : 0.00255609730959
udland200912vangrebp : 0.00247131796268
udland201505klartres : 0.00247131796268
udland201301italienr : 0.00247131796268
udland200811kejseren : 0.00246722637664
udland201208politike : 0.00245099462417
udland200811saakasjv : 0.00244295857622
udland201309groentva : 0.00244295857622
udland201409reinfeld : 0.00243298731672
udland201005spanienp : 0.00235791887895
udland200805socialde : 0.00234308920046
udland201505kannorge : 0.00234308920046
udland201412nejfinan : 0.00232844489296
udland200806sagenpol : 0.00232481237362
udland200812haardtha : 0.00231398250232
udland201003eugodken : 0.00227860050687
udland201312ugandisk : 0.00227512172747
udland201110regering : 0.00225788595681
udland201311graekenl : 0.00219470505375
udland201004polensir : 0.00218505092594
udland201006praeside : 0.00215659150723
udland201008miliband : 0.00212886390213
udland201110amnestye : 0.002075494055
udland200811obamasdr : 0.00204417658641
udland201510ordfoere : 0.00203858376401
udland201009torturir : 0.0020274894306
udland201601discount : 0.00200296334878
udland200810national : 0.00198429391677
udland201109tyskpira : 0.00198165522805
udland201406nyisrael : 0.00197117027975
udland200801stoetrol : 0.001968566356
udland200812sarkozyv : 0.00196337909288
udland201311newyorks : 0.00196079569933
udland201303cypernkr : 0.00196079569933
udland201405sfefterl : 0.00195564925393
udland201508ingenvej : 0.00192781983376
udland201503frankrig : 0.00192532911046
udland200810politike : 0.00191789540733
udland201004politisk : 0.00191297141398
udland201306internet : 0.00189834997642
udland201111graekern : 0.00186976754265
udland201306frontnat : 0.00186275591437
udland201111ekstremi : 0.00184774300247
udland201205lussingg : 0.0018443127865
udland200811obamaogs : 0.00183071834336
udland201008natrojtv : 0.00181510929536
